"sensorId","accX","accY","accZ","orientationX","orientationY","orientationZ","timeFine"
"D4:22:CD:00:0C:D2","1.2525728940963745","-0.3159390985965729","0.37900543212890625","-110.27785668166335","69.85091573895559","-136.50597121958074","899721974"
"D4:22:CD:00:0C:D2","2.0628058910369873","-0.13123562932014465","1.290456771850586","-101.34036451366924","70.6099932736159","-126.3622864150183","899755308"
"D4:22:CD:00:0C:D2","2.928081512451172","0.233058899641037","1.5378341674804688","-92.59166113314177","70.6207558606623","-115.27972244478856","899788642"
"D4:22:CD:00:0C:D2","2.9945125579833984","1.0804702043533325","1.5095491409301758","-86.03217161636476","69.8623896293225","-105.0792452249246","899821976"
"D4:22:CD:00:0C:D2","2.6319329738616943","2.080312728881836","1.7836322784423828","-80.77617785461197","68.45060747381733","-94.9269489845145","899855310"
"D4:22:CD:00:0C:D2","0.8928658366203308","3.0448262691497803","1.0121030807495117","-77.06907082699306","66.33812564725815","-85.3147672745276","899888644"
"D4:22:CD:00:0C:D2","-1.4914227724075317","3.5480244159698486","-0.3051948547363281","-77.2161835782426","64.10375964159734","-78.6222292297684","899921978"
"D4:22:CD:00:0C:D2","-2.428724765777588","4.238736152648926","0.10634708404541016","-78.5347215871911","61.89419307488942","-72.82088685112743","899955312"
"D4:22:CD:00:0C:D2","-4.173852443695068","4.438559532165527","-0.8726348876953125","-78.54267617835399","59.200208583131335","-65.21881869370047","899988646"
"D4:22:CD:00:0C:D2","-4.545227527618408","4.062260627746582","-1.2225513458251953","-79.74649666899778","56.71534468756982","-58.51308460120925","900021980"
"D4:22:CD:00:0C:D2","-5.248550891876221","3.707472801208496","-1.4332647323608398","-81.0264589661002","54.40800227697465","-51.57531047232474","900055314"
"D4:22:CD:00:0C:D2","-6.83253288269043","1.6829142570495605","-2.709354877471924","-82.73379276911375","52.33227297174946","-44.491652206072246","900088648"
"D4:22:CD:00:0C:D2","-8.181262016296387","-2.311112642288208","-3.716489791870117","-88.09131065734229","51.133831401388754","-41.096794093056985","900121982"
"D4:22:CD:00:0C:D2","-8.96773910522461","-5.665909290313721","-2.786245346069336","-95.10170584018383","50.539396295462474","-41.26595359177924","900155316"
"D4:22:CD:00:0C:D2","-8.271815299987793","-8.623717308044434","-2.594196319580078","-96.89916980851342","50.42573385937425","-38.80479593919253","900188650"
"D4:22:CD:00:0C:D2","-5.864352703094482","-9.213788986206055","-3.5417208671569824","-95.80665085524006","51.0218872225948","-36.59404288851495","900221984"
"D4:22:CD:00:0C:D2","-2.7457785606384277","-5.848565101623535","-2.1459546089172363","-94.43841173581252","52.45834175067766","-36.81044809584047","900255318"
"D4:22:CD:00:0C:D2","-1.471558690071106","-5.045744895935059","-1.510396957397461","-93.30631743393727","53.69923928961364","-36.9819473984911","900288652"
"D4:22:CD:00:0C:D2","-1.498584508895874","-5.154639720916748","-0.7918376922607422","-96.29841836716227","54.64557870611089","-40.83970770509165","900321986"
"D4:22:CD:00:0C:D2","-4.007399082183838","-4.288299083709717","-0.1070699691772461","-100.61554159650868","55.57842378213111","-47.23389457253258","900355320"
"D4:22:CD:00:0C:D2","-6.311100959777832","-3.7772128582000732","-1.0320425033569336","-103.24416789813712","56.512682997117395","-53.6171853970592","900388654"
"D4:22:CD:00:0C:D2","-7.062288761138916","-2.4625661373138428","-2.458512306213379","-105.04927518984375","57.78467645589484","-61.07736701317986","900421988"
"D4:22:CD:00:0C:D2","-7.059402942657471","-0.3641650378704071","-2.425487518310547","-105.74807680968395","59.70256790613856","-68.92724672271737","900455322"
"D4:22:CD:00:0C:D2","-4.839908123016357","2.0459306240081787","-0.7797737121582031","-105.91700094580382","61.91655044245367","-77.32794877447549","900488656"
"D4:22:CD:00:0C:D2","-3.008547067642212","3.024059534072876","0.15630340576171875","-105.16876279758584","63.927247616775134","-85.09778261283412","900521990"
"D4:22:CD:00:0C:D2","-1.5603810548782349","3.907109260559082","0.6704530715942383","-104.44626256489566","65.6831701413788","-92.91197194744757","900555324"
"D4:22:CD:00:0C:D2","-1.171802043914795","4.5208563804626465","0.12275409698486328","-104.89261240508684","66.97660695109971","-101.88140282993662","900588658"
"D4:22:CD:00:0C:D2","0.4749663770198822","4.40316104888916","0.09440898895263672","-107.32462750086759","68.03140205960148","-112.63683987330982","900621992"
"D4:22:CD:00:0C:D2","2.8492438793182373","4.088284969329834","0.41475677490234375","-107.494494118382","69.213147689967","-121.4597565228423","900655326"
"D4:22:CD:00:0C:D2","2.955435276031494","3.476900815963745","-0.5336685180664062","-107.23766835984843","70.33968394697281","-128.74239831252493","900688660"
"D4:22:CD:00:0C:D2","5.655211448669434","0.8882421851158142","0.7406129837036133","-108.60186904069451","71.3840603155947","-137.06031063826993","900721994"
"D4:22:CD:00:0C:D2","6.352694034576416","-0.5170421600341797","0.6945266723632812","-109.23417898562805","72.17289003389487","-142.84045256625092","900755328"
"D4:22:CD:00:0C:D2","6.208748817443848","-2.669374465942383","1.0968952178955078","-112.96640448023058","72.48923359581076","-148.78736902475504","900788662"
"D4:22:CD:00:0C:D2","4.499383926391602","-2.9190163612365723","1.1822271347045898","-117.41315127223558","72.43949748402677","-153.96185775792344","900821996"
"D4:22:CD:00:0C:D2","3.601583957672119","-2.792119264602661","1.1828327178955078","-119.65350896864848","72.26561051222862","-155.8146513256612","900855330"
"D4:22:CD:00:0C:D2","3.2068631649017334","-2.371255874633789","0.8639211654663086","-120.7196305785643","72.00013701572215","-155.34330475225948","900888664"
"D4:22:CD:00:0C:D2","4.053880214691162","-2.3625595569610596","1.0877046585083008","-121.30937423523747","71.53158476245025","-153.3068587039037","900921998"
"D4:22:CD:00:0C:D2","4.805506229400635","-1.70651113986969","1.0309762954711914","-120.62640504803024","70.9038305746851","-148.96737475411257","900955332"
"D4:22:CD:00:0C:D2","4.798439979553223","-0.053080081939697266","0.6739625930786133","-120.05449902591454","69.93531645286562","-143.40610085543514","900988666"
"D4:22:CD:00:0C:D2","4.170578479766846","1.6788781881332397","0.6497163772583008","-120.38667539267566","68.69652200509643","-137.19543773857922","901022000"
"D4:22:CD:00:0C:D2","2.7079710960388184","3.3280293941497803","0.170196533203125","-119.73704643807531","67.423754928092","-129.05608201242705","901055334"
"D4:22:CD:00:0C:D2","1.6077505350112915","4.192960262298584","-0.6057415008544922","-119.45206984798443","65.97834272925397","-120.55575382661269","901088668"
"D4:22:CD:00:0C:D2","0.5140565633773804","4.757296562194824","-1.0177955627441406","-118.68882619030992","64.78450903324182","-111.04481189142027","901122002"
"D4:22:CD:00:0C:D2","-1.891097068786621","4.720158576965332","-1.0827264785766602","-117.7309389755955","63.90752602666014","-100.94329449651671","901155336"
"D4:22:CD:00:0C:D2","-3.386363983154297","3.8552474975585938","-0.5299243927001953","-117.8982003497729","63.09760139454794","-91.87037717183941","901188670"
"D4:22:CD:00:0C:D2","-3.4164016246795654","2.979064702987671","-0.0820150375366211","-116.34921894254919","62.72366345285568","-81.52688178938162","901222004"
"D4:22:CD:00:0C:D2","-4.2326765060424805","1.3626171350479126","-0.1651296615600586","-114.6860532162576","62.367061988387974","-71.24431110250177","901255338"
"D4:22:CD:00:0C:D2","-5.143192768096924","-1.7369272708892822","-0.0825815200805664","-115.4993699730118","61.56991425599389","-63.75188188777982","901288672"
"D4:22:CD:00:0C:D2","-5.234784126281738","-4.474694728851318","0.31968212127685547","-116.0961504829431","60.838522351410674","-57.84820447110451","901322006"
"D4:22:CD:00:0C:D2","-4.4973835945129395","-7.310507297515869","-0.4982004165649414","-115.23462450472351","60.641138578409695","-53.44339328814556","901355340"
"D4:22:CD:00:0C:D2","-3.682546377182007","-7.1274847984313965","-0.13483524322509766","-115.97464029196068","60.438088874223105","-53.42028332072453","901388674"
"D4:22:CD:00:0C:D2","-1.7986218929290771","-6.396481513977051","-0.798100471496582","-114.58486207620048","60.43269011396921","-53.01413849225475","901422008"
"D4:22:CD:00:0C:D2","-0.38368067145347595","-5.133120536804199","-1.4373159408569336","-113.14287577072815","60.40107691409234","-53.41268407712941","901455342"
"D4:22:CD:00:0C:D2","-0.030199728906154633","-3.6370456218719482","-0.6545696258544922","-114.1254047724291","59.981671068665165","-56.10461182722734","901488676"
"D4:22:CD:00:0C:D2","-2.170104742050171","-4.545793056488037","-0.8239459991455078","-115.91554266729268","59.38919434904043","-59.61224515010843","901522010"
"D4:22:CD:00:0C:D2","-4.92763090133667","-4.278301239013672","-0.7875757217407227","-118.97755006985491","58.88070072341342","-65.86627340512065","901555344"
"D4:22:CD:00:0C:D2","-6.932697772979736","-2.4662911891937256","-1.2625198364257812","-119.84458602457748","59.2169333377439","-72.5742568317986","901588678"
"D4:22:CD:00:0C:D2","-6.256872177124023","0.24486224353313446","-1.8727216720581055","-119.31971678819652","60.38864066333952","-80.09808962519347","901622012"
"D4:22:CD:00:0C:D2","-2.911930561065674","3.5273513793945312","-0.30466747283935547","-117.95870955864935","62.06000341084739","-87.90791665859047","901655346"
"D4:22:CD:00:0C:D2","-1.7825443744659424","3.7947278022766113","0.028070449829101562","-116.73484024525264","63.54732349067475","-95.29635004419208","901688680"
"D4:22:CD:00:0C:D2","0.8057847619056702","4.378419399261475","0.8478116989135742","-118.72070076612881","64.26885736492356","-105.7788633339825","901722014"
"D4:22:CD:00:0C:D2","2.265869379043579","3.9354605674743652","0.2764854431152344","-117.95668587879808","64.9149434573269","-112.68764354366117","901755348"
"D4:22:CD:00:0C:D2","2.6801586151123047","3.119594097137451","-0.1432485580444336","-119.61078928138534","65.1801102388582","-120.84096349563177","901788682"
"D4:22:CD:00:0C:D2","3.1269521713256836","2.7266530990600586","-0.1955718994140625","-121.31566407262402","65.5716807382381","-128.50249403787828","901822016"
"D4:22:CD:00:0C:D2","3.0373663902282715","2.1304566860198975","-0.3212928771972656","-121.98216500958169","66.17727104679597","-134.57173398933998","901855350"
"D4:22:CD:00:0C:D2","4.724031925201416","0.6996504068374634","0.045597076416015625","-122.52329966329319","67.03508465922086","-140.42303621444304","901888684"
"D4:22:CD:00:0C:D2","4.795677661895752","0.23625336587429047","-0.2917003631591797","-121.79120769572127","68.21783547599881","-143.98473114971327","901922018"
"D4:22:CD:00:0C:D2","3.1000006198883057","-0.1653233766555786","0.6279716491699219","-124.46894230789091","68.97256746172621","-149.05300000512827","901955352"
"D4:22:CD:00:0C:D2","2.0405654907226562","-0.38535815477371216","1.3431339263916016","-126.63545489945916","69.62269900784199","-153.33192525604116","901988686"
"D4:22:CD:00:0C:D2","1.7462544441223145","-0.6172523498535156","0.8100080490112305","-127.29618774141572","70.08893624492616","-156.0117582520439","902022020"
"D4:22:CD:00:0C:D2","2.0047242641448975","-1.3495951890945435","0.8650903701782227","-128.2559488875776","70.18850094793426","-158.1611385260014","902055354"
"D4:22:CD:00:0C:D2","3.2853195667266846","-2.3294594287872314","0.9214715957641602","-127.81899364224516","70.17247592994391","-158.3379611877489","902088688"
"D4:22:CD:00:0C:D2","4.762631893157959","-2.906949043273926","0.7613344192504883","-126.95739968442581","69.82297618711593","-156.81977163419558","902122022"
"D4:22:CD:00:0C:D2","4.918400764465332","-2.241273880004883","0.5031032562255859","-126.41192225197175","69.19922780736253","-154.1414495988466","902155356"
"D4:22:CD:00:0C:D2","4.581251621246338","-0.8028042912483215","0.3879976272583008","-126.22299335208538","68.42265709148009","-150.48884425454114","902188690"
"D4:22:CD:00:0C:D2","3.769571542739868","1.002463459968567","0.49746131896972656","-126.2864058166868","67.4971848459894","-146.18273992591915","902222024"
"D4:22:CD:00:0C:D2","3.1187963485717773","2.122156858444214","0.44310665130615234","-126.09331604442993","66.53114333816518","-141.02013173537728","902255358"
"D4:22:CD:00:0C:D2","2.8505301475524902","2.657360792160034","-0.04317188262939453","-125.76490184773778","65.50201941326819","-135.35891020760985","902288692"
"D4:22:CD:00:0C:D2","2.493290662765503","3.111096143722534","-0.3737630844116211","-125.63770392192929","64.4585098191632","-129.27412501243396","902322026"
"D4:22:CD:00:0C:D2","1.9937615394592285","3.2048146724700928","-0.6558313369750977","-125.64574493798648","63.513304655280095","-122.72542289702811","902355360"
"D4:22:CD:00:0C:D2","1.3607200384140015","3.7534525394439697","-0.4978609085083008","-125.6140133561159","62.67618057372183","-115.54070672718186","902388694"
"D4:22:CD:00:0C:D2","0.16020245850086212","3.9717464447021484","-0.10822105407714844","-126.28609863554635","61.758145683734874","-108.36555601531754","902422028"
"D4:22:CD:00:0C:D2","0.5837090015411377","4.545382022857666","0.5057430267333984","-126.97205231944912","60.67514181402273","-100.8039278908809","902455362"
"D4:22:CD:00:0C:D2","0.6141058802604675","5.789708614349365","-0.09547710418701172","-125.48470591653575","59.91150168922547","-90.26517110095645","902488696"
"D4:22:CD:00:0C:D2","-4.591567516326904","3.0764994621276855","-1.817582130432129","-125.90048383634272","58.34699530519842","-79.18130172031557","902522030"
"D4:22:CD:00:0C:D2","-7.390246868133545","-2.789543628692627","0.08711719512939453","-129.32727869562663","56.22989667533426","-71.25572054413189","902555364"
"D4:22:CD:00:0C:D2","-7.524779796600342","-7.915167808532715","0.5372371673583984","-129.5404236839575","55.27322864293223","-64.71288192854867","902588698"
"D4:22:CD:00:0C:D2","-5.1582746505737305","-7.4332733154296875","-0.532282829284668","-128.1645193580481","55.330677674316014","-61.407259261283734","902622032"
"D4:22:CD:00:0C:D2","-1.877897024154663","-5.5260419845581055","-2.1979055404663086","-126.34976523421265","55.827378314513645","-59.596787079449825","902655366"
"D4:22:CD:00:0C:D2","0.5421142578125","-4.148899078369141","-1.8130054473876953","-126.46834735454925","56.1330088183108","-59.91054612507736","902688700"
"D4:22:CD:00:0C:D2","1.375895619392395","-4.640756607055664","-0.2512655258178711","-128.42364061735486","55.98160082372679","-61.636163164672865","902722034"
"D4:22:CD:00:0C:D2","0.5218294262886047","-3.57303524017334","1.3436660766601562","-129.9937687039061","55.7671958344251","-63.8076683316721","902755368"
"D4:22:CD:00:0C:D2","-1.2425031661987305","-3.218125343322754","1.2482376098632812","-130.05478990229904","55.61935174825665","-65.70628208741407","902788702"
"D4:22:CD:00:0C:D2","-2.3990797996520996","-3.930868625640869","-0.612034797668457","-130.19041132419125","55.07418573413952","-68.58186108740688","902822036"
"D4:22:CD:00:0C:D2","-3.2512571811676025","-2.887468099594116","-1.4048423767089844","-130.6685841165022","54.69910386157588","-73.24838876605244","902855370"
"D4:22:CD:00:0C:D2","-4.47737455368042","-2.1770076751708984","-1.753401756286621","-130.3328972447845","55.22776511744945","-78.40342232286667","902888704"
"D4:22:CD:00:0C:D2","-5.240114688873291","-0.20966079831123352","-0.8462820053100586","-130.68838925492398","56.09063050549849","-85.65545044946609","902922038"
"D4:22:CD:00:0C:D2","-4.378426551818848","1.9224658012390137","-0.2351217269897461","-129.46906306153926","57.70631269521174","-92.7696840153079","902955372"
"D4:22:CD:00:0C:D2","-3.2959563732147217","3.3153610229492188","-0.15604782104492188","-127.91857613089326","59.28310548855876","-100.380102323547","902988706"
"D4:22:CD:00:0C:D2","-0.937160313129425","4.617396354675293","0.17525196075439453","-127.5812275789872","60.29871422875471","-109.51763542670078","903022040"
"D4:22:CD:00:0C:D2","0.7985022664070129","4.626150131225586","-0.36482715606689453","-125.35887863435555","61.792106475488985","-116.5808990273104","903055374"
"D4:22:CD:00:0C:D2","2.3600246906280518","4.475275039672852","-0.26518821716308594","-124.03983504788559","62.90948857311554","-123.95019647293623","903088708"
"D4:22:CD:00:0C:D2","5.0329766273498535","3.6961722373962402","0.8602304458618164","-122.35395081708447","64.14828804016312","-130.66781282684366","903122042"
"D4:22:CD:00:0C:D2","4.035167217254639","3.1200387477874756","-0.4557180404663086","-120.18208569657631","65.3604332860388","-135.88804749832076","903155376"
"D4:22:CD:00:0C:D2","5.13970422744751","1.2342287302017212","-0.29036998748779297","-119.88694522085541","66.19153040668077","-141.56665456251014","903188710"
"D4:22:CD:00:0C:D2","5.369775295257568","0.33640211820602417","-0.23322010040283203","-119.58418821533007","67.19849115047457","-146.1669866624132","903222044"
"D4:22:CD:00:0C:D2","5.089587688446045","-0.7084278464317322","0.2081317901611328","-120.89082569701077","67.88765843610965","-150.71907451831584","903255378"
"D4:22:CD:00:0C:D2","4.679866313934326","-1.3325169086456299","1.1703662872314453","-122.77765319514923","68.30875913078488","-154.63495857597056","903288712"
"D4:22:CD:00:0C:D2","3.0542750358581543","-1.4156503677368164","0.9145603179931641","-124.41826008694485","68.44983577337638","-157.31583198773262","903322046"
"D4:22:CD:00:0C:D2","2.1863961219787598","-1.5635343790054321","0.7286968231201172","-125.90292814249615","68.3293085971301","-159.2181079141947","903355380"
"D4:22:CD:00:0C:D2","2.841503143310547","-1.6156383752822876","1.2547788619995117","-126.3890621371174","68.10592248868632","-159.71187261372864","903388714"
"D4:22:CD:00:0C:D2","4.252050399780273","-2.0657708644866943","1.369095802307129","-126.08206701391244","67.5879090115872","-158.37373983185867","903422048"
"D4:22:CD:00:0C:D2","5.260319232940674","-1.8173378705978394","1.0021028518676758","-125.78132573620903","66.60792451625836","-155.23870728298968","903455382"
"D4:22:CD:00:0C:D2","5.526989459991455","-0.5718681812286377","0.5600051879882812","-125.92978561169247","65.320530155754","-150.93985259219403","903488716"
"D4:22:CD:00:0C:D2","5.407674789428711","1.2930989265441895","0.4876375198364258","-126.49158352097947","63.724216760308835","-145.9952050620711","903522050"
"D4:22:CD:00:0C:D2","4.414618015289307","2.7920010089874268","-0.01696014404296875","-126.82179373525324","62.18542384716243","-139.99152421141204","903555384"
"D4:22:CD:00:0C:D2","2.8240714073181152","3.5541281700134277","-0.6941776275634766","-127.51310043591522","60.60725467832736","-133.46878537059612","903588718"
"D4:22:CD:00:0C:D2","1.463168978691101","4.171644687652588","-0.6206626892089844","-128.55701592326798","58.936880274191765","-126.8909824532779","903622052"
"D4:22:CD:00:0C:D2","-0.07943739742040634","4.294443130493164","-0.9167842864990234","-128.46754080829297","57.656877156407106","-119.0503307987074","903655386"
"D4:22:CD:00:0C:D2","-0.9910716414451599","3.745008707046509","-1.4076128005981445","-128.6423551381514","56.57858464847725","-111.39896999267421","903688720"
"D4:22:CD:00:0C:D2","-0.7374367713928223","3.5680606365203857","-1.1215381622314453","-129.29389350336797","55.6574347982606","-104.24255099911403","903722054"
"D4:22:CD:00:0C:D2","-2.0415902137756348","2.6134016513824463","-1.2316207885742188","-129.0911416804141","55.393892191413116","-95.77666404651993","903755388"
"D4:22:CD:00:0C:D2","-2.0974912643432617","1.5584352016448975","-0.9165935516357422","-129.89277816569722","55.010124425060795","-88.36691850847542","903788722"
"D4:22:CD:00:0C:D2","-3.169524908065796","0.23714031279087067","-0.5943946838378906","-130.16232512247112","55.046177598203485","-80.58384255778411","903822056"
"D4:22:CD:00:0C:D2","-4.143979549407959","-2.631875991821289","-0.2788372039794922","-131.406911714321","54.920403315916964","-74.17931578325125","903855390"
"D4:22:CD:00:0C:D2","-4.4178009033203125","-4.735749244689941","0.9122762680053711","-133.92591161916755","54.12561900594756","-70.95669371799161","903888724"
"D4:22:CD:00:0C:D2","-3.3173282146453857","-6.195882797241211","0.9310827255249023","-134.1145982009298","54.06407167887332","-67.98384971755038","903922058"
"D4:22:CD:00:0C:D2","-1.6854231357574463","-7.0388922691345215","-0.08161544799804688","-133.29161910211516","54.28885427590149","-66.56003256251655","903955392"
"D4:22:CD:00:0C:D2","0.0408230759203434","-5.261226654052734","-0.025292396545410156","-132.71706153182768","54.48273771362639","-67.6546297981856","903988726"
"D4:22:CD:00:0C:D2","-0.07991839945316315","-4.045335292816162","-0.1884450912475586","-132.02110192616846","54.429988820528976","-69.19027335937835","904022060"
"D4:22:CD:00:0C:D2","-1.6038215160369873","-4.255752086639404","-0.27494335174560547","-132.6952113234762","53.683130928571316","-72.16985577860629","904055394"
"D4:22:CD:00:0C:D2","-3.527358055114746","-3.8729913234710693","-0.6048355102539062","-133.15909853401493","53.184004732359995","-76.57213580347886","904088728"
"D4:22:CD:00:0C:D2","-4.910543441772461","-2.3891680240631104","-1.3049077987670898","-131.9601995693246","53.776094093477404","-81.47831822475491","904122062"
"D4:22:CD:00:0C:D2","-5.035654544830322","0.1562051624059677","-1.3367033004760742","-130.38792169733455","54.97950677549832","-87.7609671021007","904155396"
"D4:22:CD:00:0C:D2","-3.6799991130828857","2.3866512775421143","-0.8852615356445312","-127.62633139461877","56.83514498950565","-93.94642257445335","904188730"
"D4:22:CD:00:0C:D2","-1.9316675662994385","3.4891104698181152","-1.0157051086425781","-123.9478131354867","58.814440906979144","-99.74776422329514","904222064"
"D4:22:CD:00:0C:D2","0.060223329812288284","4.7198920249938965","-0.2155294418334961","-121.49613722188742","60.44905527143573","-106.89835673873728","904255398"
"D4:22:CD:00:0C:D2","1.2708021402359009","4.671023845672607","0.1660623550415039","-119.30834819861882","61.90069627389939","-113.83934362390463","904288732"
"D4:22:CD:00:0C:D2","2.4089887142181396","3.9626214504241943","-0.5555601119995117","-117.11398638749291","63.15558734660934","-120.12238861670372","904322066"
"D4:22:CD:00:0C:D2","3.1018691062927246","3.462510347366333","-0.3251018524169922","-115.48348509530578","64.4007501440025","-125.8707181290726","904355400"
"D4:22:CD:00:0C:D2","2.6393814086914062","2.9714598655700684","0.32152843475341797","-116.24561520423521","65.41062120965664","-132.95853719877437","904388734"
"D4:22:CD:00:0C:D2","3.5860774517059326","1.9228960275650024","0.9471921920776367","-116.79735561673313","66.30717950423197","-139.76371330876694","904422068"
"D4:22:CD:00:0C:D2","3.6534435749053955","1.3066550493240356","0.5428686141967773","-117.23980004782813","66.87762280020719","-145.60362511776435","904455402"
"D4:22:CD:00:0C:D2","3.4614903926849365","0.02890419214963913","0.5045976638793945","-119.54910383740173","67.19159215394393","-152.12561407145878","904488736"
"D4:22:CD:00:0C:D2","4.355197429656982","-1.1857807636260986","0.5201883316040039","-120.11802953175518","67.52910608648293","-156.60782106902283","904522070"
"D4:22:CD:00:0C:D2","4.497878074645996","-2.1271469593048096","0.08591556549072266","-120.80949411896712","67.60598272060162","-159.58080377412804","904555404"
"D4:22:CD:00:0C:D2","4.618532657623291","-2.794308662414551","0.7499189376831055","-122.87180282906408","67.45069684842872","-162.3557725709929","904588738"
"D4:22:CD:00:0C:D2","3.52166748046875","-2.3292922973632812","0.5779199600219727","-123.07695119072574","67.45112431985703","-162.33807819349065","904622072"
"D4:22:CD:00:0C:D2","2.9980921745300293","-1.656168818473816","0.7996511459350586","-123.61281958495884","67.22642452755784","-161.9272264252283","904655406"
"D4:22:CD:00:0C:D2","3.4464218616485596","-1.7115130424499512","1.039872169494629","-123.73380451843667","66.84082068199429","-160.41337840464962","904688740"
"D4:22:CD:00:0C:D2","4.1985764503479","-0.9203565120697021","0.6496715545654297","-122.84493342291736","66.30643162183482","-157.02016826196976","904722074"
"D4:22:CD:00:0C:D2","4.822992324829102","-0.20596154034137726","0.04342079162597656","-122.88299631221416","65.44426748440414","-153.32692071628333","904755408"
"D4:22:CD:00:0C:D2","5.566305637359619","0.803879976272583","-0.12074851989746094","-123.53451823797218","64.5729327731881","-149.1173411908254","904788742"
"D4:22:CD:00:0C:D2","4.942040920257568","1.805262565612793","-0.15203285217285156","-124.7367933215189","63.65643458527672","-144.14843581358323","904822076"
"D4:22:CD:00:0C:D2","4.099169731140137","3.198587656021118","0.14754676818847656","-126.31957480525826","62.57205503622491","-138.6894077382111","904855410"
"D4:22:CD:00:0C:D2","3.1693994998931885","3.913588523864746","0.08879947662353516","-127.57891741783112","61.44019137049051","-131.9535225950197","904888744"
"D4:22:CD:00:0C:D2","1.17760169506073","5.00871467590332","0.03933143615722656","-128.26920575101053","60.17095589438865","-123.84480605516454","904922078"
"D4:22:CD:00:0C:D2","-1.389306902885437","5.012810230255127","-0.45578765869140625","-129.06652829598374","58.78905190010724","-115.12159211941935","904955412"
"D4:22:CD:00:0C:D2","-3.1054844856262207","4.237700939178467","-0.9687232971191406","-130.08455721516722","57.348256915375856","-106.546544230683","904988746"
"D4:22:CD:00:0C:D2","-4.535561561584473","2.741992235183716","-1.6933412551879883","-130.92058069731024","56.16338037864655","-98.11281999140817","905022080"
"D4:22:CD:00:0C:D2","-3.705312490463257","1.4275709390640259","-1.7285518646240234","-131.69737634008467","55.46124347430473","-90.44017569401025","905055414"
"D4:22:CD:00:0C:D2","-2.763751983642578","0.5524051189422607","-0.8138208389282227","-131.2628566208592","55.90907062483749","-82.76566285485958","905088748"
"D4:22:CD:00:0C:D2","-2.447153091430664","-1.2285032272338867","0.2768402099609375","-130.53831481342303","56.80970818643556","-75.4183644159497","905122082"
"D4:22:CD:00:0C:D2","-2.096285104751587","-3.7738115787506104","1.05621337890625","-132.3196951067954","56.67036169331103","-71.43008630604834","905155416"
"D4:22:CD:00:0C:D2","-2.660949945449829","-5.8908772468566895","1.2264480590820312","-133.28170765052212","56.3131124482278","-68.64032470817457","905188750"
"D4:22:CD:00:0C:D2","-2.2117860317230225","-7.49286413192749","0.03918743133544922","-132.12266363755037","56.47644198229113","-66.06629213961149","905222084"
"D4:22:CD:00:0C:D2","-1.6968618631362915","-6.070470333099365","-0.34499454498291016","-132.05296730021834","56.29000545176067","-66.76362848263945","905255418"
"D4:22:CD:00:0C:D2","0.05754229426383972","-3.5379316806793213","-0.15878772735595703","-130.95744208542501","56.29001160520068","-67.67462749682365","905288752"
"D4:22:CD:00:0C:D2","0.10104338824748993","-3.831775665283203","-0.5425310134887695","-129.97593649616937","55.94674278374017","-68.25257242597608","905322086"
"D4:22:CD:00:0C:D2","-1.749428391456604","-4.143046855926514","-0.4250507354736328","-131.45762709853932","54.756646970155764","-71.97819845517137","905355420"
"D4:22:CD:00:0C:D2","-4.057706832885742","-3.503736972808838","-0.8123579025268555","-131.61638271574668","54.37621717341482","-76.39095024900905","905388754"
"D4:22:CD:00:0C:D2","-6.428721904754639","-2.479626417160034","-2.050191879272461","-129.9818789743749","55.18104959945209","-81.20251772915066","905422088"
"D4:22:CD:00:0C:D2","-6.169015884399414","0.5200647115707397","-2.215921401977539","-130.2125235839121","55.95612994901762","-89.90230513381684","905455422"
"D4:22:CD:00:0C:D2","-3.4765238761901855","3.6769540309906006","-1.1648626327514648","-129.57354260845102","57.57348326264546","-98.8265921999184","905488756"
"D4:22:CD:00:0C:D2","-2.5403645038604736","4.373848915100098","-0.4429168701171875","-127.53814741128524","59.77241313737081","-106.50057640709402","905522090"
"D4:22:CD:00:0C:D2","2.0530550479888916","5.233599662780762","1.5049505233764648","-127.50433529847888","61.273352893742675","-116.33919187987146","905555424"
"D4:22:CD:00:0C:D2","3.0031938552856445","4.12236213684082","0.7382783889770508","-124.23752792705439","63.01146702688634","-122.05470238751765","905588758"
"D4:22:CD:00:0C:D2","2.711808443069458","3.1324644088745117","0.08847904205322266","-123.94760551998209","63.77240323144252","-129.28223045652132","905622092"
"D4:22:CD:00:0C:D2","6.146721363067627","1.400147557258606","0.49788570404052734","-123.18413380283572","64.51170892910818","-135.57441305599173","905655426"
"D4:22:CD:00:0C:D2","5.132614612579346","1.233365535736084","-0.28213024139404297","-121.34215616681","65.13973104182031","-138.66454067497503","905688760"
"D4:22:CD:00:0C:D2","5.37943696975708","0.4333811104297638","1.0903406143188477","-123.5781212764907","65.31540238821486","-144.4309067219191","905722094"
"D4:22:CD:00:0C:D2","3.816894054412842","0.608940839767456","0.2962760925292969","-123.443643237534","65.66830425015084","-147.40269488592355","905755428"
"D4:22:CD:00:0C:D2","3.085822820663452","0.1590641736984253","-0.09354877471923828","-124.18102484462575","65.80674732073386","-150.28975996276708","905788762"
"D4:22:CD:00:0C:D2","2.7954442501068115","-0.22832061350345612","0.20139122009277344","-124.94791421095765","65.98245377166373","-152.5378889594175","905822096"
"D4:22:CD:00:0C:D2","2.161015510559082","-0.12641555070877075","0.3190927505493164","-125.66767821690915","66.08021478806819","-153.89300830016717","905855430"
"D4:22:CD:00:0C:D2","1.656988263130188","-0.32844078540802","0.2889747619628906","-126.55911714043012","65.99850995805679","-154.87342497523937","905888764"
"D4:22:CD:00:0C:D2","1.0917325019836426","-0.30151066184043884","0.03966808319091797","-126.62548585447495","66.01920569880028","-154.93469004219742","905922098"
"D4:22:CD:00:0C:D2","0.7246611714363098","-0.26770642399787903","-0.03417778015136719","-126.71048104905785","66.012845682174","-154.85203818197309","905955432"
"D4:22:CD:00:0C:D2","0.6056217551231384","-0.19362932443618774","-0.009592056274414062","-126.75298302914166","65.97185030828322","-154.5839494737515","905988766"
"D4:22:CD:00:0C:D2","0.49855905771255493","0.09702630341053009","0.021181106567382812","-126.8771190872417","65.90152084382261","-154.36560401545682","906022100"
"D4:22:CD:00:0C:D2","0.3664056956768036","0.10462088137865067","-0.15653610229492188","-127.08057178735537","65.73679308481806","-154.25056002429756","906055434"
"D4:22:CD:00:0C:D2","0.17510585486888885","0.20605356991291046","-0.18268680572509766","-127.21403839861567","65.63084985197962","-154.13475789550623","906088768"
"D4:22:CD:00:0C:D2","0.6061979532241821","0.06939775496721268","-0.015923500061035156","-127.28951208407122","65.5275630997452","-154.0043352784231","906122102"
"D4:22:CD:00:0C:D2","0.730349600315094","0.045125868171453476","-0.23098468780517578","-127.36186886757508","65.44006036280345","-153.83103685960316","906155436"
