"sensorId","accX","accY","accZ","orientationX","orientationY","orientationZ","timeFine"
"D4:22:CD:00:0C:D2","0.08184513449668884","-0.07850132882595062","-0.18783950805664062","80.7999091682872","30.11558568886536","-60.72084611360398","538013917"
"D4:22:CD:00:0C:D2","0.15752963721752167","-0.02493041194975376","0.19011306762695312","80.92134366426698","29.906655985743175","-60.83527858310418","538047251"
"D4:22:CD:00:0C:D2","0.21656516194343567","-0.07847405970096588","0.38620853424072266","81.06369592199144","29.878252746996182","-60.9502615473572","538080585"
"D4:22:CD:00:0C:D2","0.15247969329357147","-0.06084603816270828","0.3153076171875","81.11272813757625","29.93772151369649","-61.205257019932965","538113919"
"D4:22:CD:00:0C:D2","0.42799773812294006","-0.16003528237342834","0.4533367156982422","81.05697520893263","30.042822862529196","-61.59467853353703","538147253"
"D4:22:CD:00:0C:D2","0.6685428619384766","-0.32667043805122375","0.5294647216796875","81.02401489501835","30.176601421963667","-61.956238239194946","538180587"
"D4:22:CD:00:0C:D2","0.810452938079834","-0.3782525360584259","1.1872997283935547","81.02418099425155","30.386583221776558","-62.182454382876706","538213921"
"D4:22:CD:00:0C:D2","1.4180376529693604","-0.6889089345932007","2.611591339111328","80.96757106583367","30.661887681706315","-62.27043992174266","538247255"
"D4:22:CD:00:0C:D2","2.365379571914673","-0.7067466378211975","4.287029266357422","80.43924643709555","30.948303426214444","-62.20785785797578","538280589"
"D4:22:CD:00:0C:D2","2.474214553833008","-1.0747392177581787","3.6018009185791016","79.37974447952405","31.17560847146924","-61.52694479989002","538313923"
"D4:22:CD:00:0C:D2","1.45562744140625","-1.106674313545227","1.1278257369995117","78.4399475325093","31.52833278358258","-59.824296244776086","538347257"
"D4:22:CD:00:0C:D2","0.7716773748397827","-0.588605523109436","1.39739990234375","77.87601016197371","32.22923064829939","-57.615968700497106","538380591"
"D4:22:CD:00:0C:D2","0.42689481377601624","-1.6577495336532593","2.3291749954223633","77.39099773522379","33.02843253723697","-56.14656805792487","538413925"
"D4:22:CD:00:0C:D2","0.26677852869033813","-1.3699991703033447","1.9249563217163086","76.92839016898164","33.91219971341822","-55.86797480278519","538447259"
"D4:22:CD:00:0C:D2","-0.19144387543201447","-0.5065040588378906","2.267214775085449","76.1882487354111","34.482532066275915","-56.89827348824469","538480593"
"D4:22:CD:00:0C:D2","-0.05646233260631561","0.007327648811042309","1.401113510131836","74.91686970864374","34.37649640482929","-58.80285713952354","538513927"
"D4:22:CD:00:0C:D2","0.1757083386182785","1.2939677238464355","1.355574607849121","73.45444020390146","33.853863438797305","-60.31444552485649","538547261"
"D4:22:CD:00:0C:D2","-0.38217517733573914","1.8545364141464233","1.9112977981567383","72.46269395212313","32.930177039453504","-60.04942452459198","538580595"
"D4:22:CD:00:0C:D2","-0.6374990940093994","2.574756622314453","1.017155647277832","72.17712539312555","31.84901493657398","-57.64331369633984","538613929"
"D4:22:CD:00:0C:D2","-2.1506388187408447","1.2282510995864868","-2.8454251289367676","72.13722790382431","30.578927163585178","-54.30590075145591","538647263"
"D4:22:CD:00:0C:D2","-3.4761106967926025","0.9192852973937988","-6.331225395202637","72.20528200577212","29.70937490018406","-51.44367127284048","538680597"
"D4:22:CD:00:0C:D2","-5.191564083099365","0.40808653831481934","-8.679981231689453","71.57842595709975","28.118107947633135","-50.8802173230204","538713931"
"D4:22:CD:00:0C:D2","-5.452617168426514","-0.7144296765327454","-9.976224899291992","70.60734493433141","26.316613803734306","-52.58985174359938","538747265"
"D4:22:CD:00:0C:D2","-5.140725135803223","-0.09680022299289703","-9.004843711853027","69.88659078430267","25.462756714273695","-55.13970318733255","538780599"
"D4:22:CD:00:0C:D2","-3.624387264251709","2.5788443088531494","-5.830628395080566","70.03971031710445","25.22493508304687","-56.5604419478701","538813933"
"D4:22:CD:00:0C:D2","-1.8772928714752197","1.0151957273483276","-5.202304840087891","70.02755878631055","26.081152602211766","-56.93746723624348","538847267"
"D4:22:CD:00:0C:D2","-2.5678200721740723","3.027271032333374","-3.2482004165649414","69.91683242736656","28.27951558450379","-56.90246600766906","538880601"
"D4:22:CD:00:0C:D2","-2.3745779991149902","1.8929117918014526","-3.9357500076293945","69.77162011036012","30.71531295564847","-57.16190789304551","538913935"
"D4:22:CD:00:0C:D2","-1.0385218858718872","2.408539056777954","-1.2853479385375977","69.21840955551544","33.066033476942245","-58.68177867968644","538947269"
"D4:22:CD:00:0C:D2","-1.5227726697921753","1.2503265142440796","-1.8702936172485352","68.28484345640287","34.483783270643805","-61.41554831203376","538980603"
"D4:22:CD:00:0C:D2","-0.36902862787246704","0.6312229633331299","-0.34971141815185547","67.7506444934958","36.11027332986169","-63.847217276140846","539013937"
"D4:22:CD:00:0C:D2","0.7349076271057129","1.7570621967315674","2.219733238220215","67.6062700706225","36.458456080024206","-65.70741409651794","539047271"
"D4:22:CD:00:0C:D2","-0.12171599268913269","-1.176024317741394","2.050713539123535","67.94315121549415","35.97603879339891","-67.02308493107368","539080605"
"D4:22:CD:00:0C:D2","2.0056326389312744","0.6090388298034668","6.3029327392578125","68.79677822797399","35.71511567638499","-67.67901024175924","539113939"
"D4:22:CD:00:0C:D2","1.1079922914505005","-1.595671534538269","2.1331100463867188","69.8026341079923","35.300191725757635","-68.21369843195369","539147273"
"D4:22:CD:00:0C:D2","1.0849840641021729","-0.3274862766265869","3.0955810546875","71.0321703042286","35.40870925907381","-68.48508820692106","539180607"
"D4:22:CD:00:0C:D2","2.1115009784698486","-0.8478901386260986","2.463465690612793","71.97549278936894","33.912533037151405","-69.07243231548428","539213941"
"D4:22:CD:00:0C:D2","2.1951162815093994","-1.87384831905365","1.208451271057129","73.15063873818919","31.938496187808553","-68.81368350255958","539247275"
"D4:22:CD:00:0C:D2","1.6828031539916992","-1.2096052169799805","2.6680030822753906","74.67726811916192","30.21701106941594","-67.6785260661403","539280609"
"D4:22:CD:00:0C:D2","1.2586206197738647","-1.4209983348846436","2.3022518157958984","75.7540945172569","28.18122217817926","-67.03444992562562","539313943"
"D4:22:CD:00:0C:D2","1.6428217887878418","-1.366280198097229","1.4276256561279297","76.45417085652036","26.820437296140245","-66.8587583053928","539347277"
"D4:22:CD:00:0C:D2","1.6068960428237915","-1.360573172569275","1.192164421081543","76.91826148067896","26.336743611689588","-66.68301321198268","539380611"
"D4:22:CD:00:0C:D2","1.077893614768982","-1.1036310195922852","0.9808530807495117","77.34146376385767","26.10780575748847","-66.21946134278642","539413945"
"D4:22:CD:00:0C:D2","0.9274113774299622","-1.221938133239746","0.8704433441162109","77.66217292392909","25.969692585307776","-65.68987537130715","539447279"
"D4:22:CD:00:0C:D2","0.9117560386657715","-1.4105091094970703","0.8250951766967773","78.1122741380462","26.331130689864782","-65.03429530148524","539480613"
"D4:22:CD:00:0C:D2","1.6913038492202759","-0.6466799974441528","2.1364850997924805","78.89325705988801","27.07854079941135","-63.936843943978964","539513947"
"D4:22:CD:00:0C:D2","2.2587883472442627","-0.5657010078430176","2.918031692504883","79.2663714061845","27.8536637312668","-62.76027699423483","539547281"
"D4:22:CD:00:0C:D2","2.1406707763671875","-0.43627405166625977","3.918972969055176","78.99806538157718","29.064549719922372","-61.45822572679259","539580615"
"D4:22:CD:00:0C:D2","1.5639584064483643","-0.1806856393814087","4.612483024597168","78.38506843188783","30.16052435962468","-59.95394828900528","539613949"
"D4:22:CD:00:0C:D2","1.0779919624328613","-0.6282846331596375","4.252614974975586","77.83584519000311","31.15357378101029","-58.20779004067059","539647283"
"D4:22:CD:00:0C:D2","0.521939754486084","-0.3217848837375641","2.7575511932373047","77.27814219086073","32.42929327511658","-56.772760973815025","539680617"
"D4:22:CD:00:0C:D2","-0.4152943789958954","0.6294505000114441","1.867055892944336","76.84894686863818","33.6375919168542","-55.764357970089804","539713951"
"D4:22:CD:00:0C:D2","-0.4841245412826538","0.9359864592552185","0.5950155258178711","76.5290811870159","34.143696938167956","-55.133289460817544","539747285"
"D4:22:CD:00:0C:D2","-0.7515131235122681","1.0671322345733643","0.12799072265625","76.05845250780901","33.932147936974935","-54.760079762811515","539780619"
"D4:22:CD:00:0C:D2","-0.7080222368240356","1.488450288772583","-0.6938457489013672","75.57205132489389","33.07997545098671","-54.30139539964709","539813953"
"D4:22:CD:00:0C:D2","-1.028902292251587","2.4558663368225098","-2.3501925468444824","75.08050372418634","31.424272948070044","-53.565159007488354","539847287"
"D4:22:CD:00:0C:D2","-2.679582118988037","1.2789831161499023","-5.0716872215271","74.77106049413565","29.723572199942623","-52.53900529018545","539880621"
"D4:22:CD:00:0C:D2","-3.184633493423462","1.041385293006897","-7.168313026428223","74.28032441381038","28.5487667956137","-52.02257532059039","539913955"
"D4:22:CD:00:0C:D2","-4.302689075469971","-0.13857361674308777","-8.749923706054688","73.7483648882418","28.023641577304875","-52.05546167302832","539947289"
"D4:22:CD:00:0C:D2","-5.1066365242004395","-0.058186791837215424","-8.322519302368164","73.19926857476574","28.101590900369963","-52.828781440236696","539980623"
"D4:22:CD:00:0C:D2","-5.173895835876465","0.4947648048400879","-5.831584453582764","73.16505800431307","28.07694782502103","-53.70230111526855","540013957"
"D4:22:CD:00:0C:D2","-3.333528757095337","0.6595791578292847","-3.494811534881592","72.67082161923045","28.303518854889983","-55.262324578273876","540047291"
"D4:22:CD:00:0C:D2","-1.7606080770492554","1.1836802959442139","-4.080460548400879","70.92206871021749","29.86983240008793","-57.53180948592001","540080625"
"D4:22:CD:00:0C:D2","-2.773062229156494","2.239251136779785","-2.5598692893981934","69.33088464737283","31.82111758150771","-59.038535338119274","540113959"
"D4:22:CD:00:0C:D2","0.5925132036209106","1.7587237358093262","-2.332523822784424","68.97418232674194","33.45410675501669","-59.510996372362406","540147293"
"D4:22:CD:00:0C:D2","-0.44536834955215454","1.0423636436462402","-1.7762861251831055","68.08404018148602","35.687212778587536","-61.57197068178774","540180627"
"D4:22:CD:00:0C:D2","0.7570140361785889","2.174250602722168","1.4782190322875977","66.97179757453357","37.251827775776604","-64.89843556359608","540213961"
"D4:22:CD:00:0C:D2","1.542653203010559","-1.013342022895813","-0.9271678924560547","66.16191120781683","38.75034028087115","-68.01714601015395","540247295"
"D4:22:CD:00:0C:D2","0.8114010691642761","0.879405677318573","0.9342031478881836","66.305640051486","41.46368822658406","-69.63298448710522","540280629"
"D4:22:CD:00:0C:D2","0.39622217416763306","1.390228271484375","3.9686145782470703","67.23255669153633","41.83947724778472","-70.57543801239852","540313963"
"D4:22:CD:00:0C:D2","1.1475191116333008","-1.1244651079177856","1.7314739227294922","67.94882519131997","40.22443490581734","-71.88629286126006","540347297"
"D4:22:CD:00:0C:D2","1.6107025146484375","-0.8576207756996155","2.4075632095336914","68.87426656894577","38.16332624150411","-72.66515197660449","540380631"
"D4:22:CD:00:0C:D2","1.4571263790130615","-0.8553177118301392","3.21868896484375","70.30585306915415","36.17990942213938","-72.16330648073355","540413965"
"D4:22:CD:00:0C:D2","1.8105324506759644","-1.3410347700119019","2.1154041290283203","72.00820394076226","34.14907373251465","-70.86115402180098","540447299"
"D4:22:CD:00:0C:D2","1.5534476041793823","-0.9986351132392883","2.32576847076416","73.7230230031531","32.168532458287515","-69.58239216201466","540480633"
"D4:22:CD:00:0C:D2","1.8544241189956665","-1.4725980758666992","1.613356590270996","75.12942462129172","30.051427532104935","-68.54781895212075","540513967"
"D4:22:CD:00:0C:D2","1.8719083070755005","-1.592799425125122","1.3102874755859375","76.43340164204928","28.66844727850437","-67.38254135537237","540547301"
"D4:22:CD:00:0C:D2","1.8411461114883423","-1.161024808883667","1.4406709671020508","77.42145524801809","27.803488559816266","-66.12792183343294","540580635"
"D4:22:CD:00:0C:D2","1.2723430395126343","-1.2701877355575562","1.1537227630615234","78.13756625103436","26.999437813960856","-65.12332269315027","540613969"
"D4:22:CD:00:0C:D2","0.8506557941436768","-0.9534901976585388","1.793116569519043","78.67758752664831","26.382049441809883","-64.63954459895227","540647303"
"D4:22:CD:00:0C:D2","1.013822078704834","-1.017647385597229","1.6604223251342773","78.77435615250586","26.388983902341497","-64.76957337285732","540680637"
"D4:22:CD:00:0C:D2","1.3707793951034546","-0.3241232931613922","3.0317277908325195","78.27445539639291","27.260838827899313","-65.17895685258546","540713971"
"D4:22:CD:00:0C:D2","1.4005634784698486","-0.9901283979415894","2.673581123352051","77.74620101360681","28.716667697096423","-65.05227276450023","540747305"
"D4:22:CD:00:0C:D2","2.1236438751220703","-0.5797863602638245","3.8248205184936523","77.493596934713","30.649549226564115","-64.08061237693096","540780639"
"D4:22:CD:00:0C:D2","1.8758249282836914","-1.6387051343917847","3.8246841430664062","76.98836858042732","32.335614853930416","-63.164722128239084","540813973"
"D4:22:CD:00:0C:D2","2.15511417388916","-1.5502009391784668","3.5128583908081055","76.45082426984006","34.12616180533093","-62.05131167311422","540847307"
"D4:22:CD:00:0C:D2","1.9657479524612427","-0.9150016903877258","3.1611623764038086","76.03706136551375","35.64476106015433","-60.52805882068632","540880641"
"D4:22:CD:00:0C:D2","0.8210633397102356","-0.15293963253498077","2.414584159851074","75.57045850369195","36.3696061513673","-58.899442694664195","540913975"
"D4:22:CD:00:0C:D2","-0.5195466876029968","0.7287232875823975","2.0146379470825195","74.7791186396985","36.24446667034715","-57.90398429609591","540947309"
"D4:22:CD:00:0C:D2","-0.9510457515716553","1.7353999614715576","1.5121231079101562","73.75426087843057","35.402374083147315","-57.28823551870866","540980643"
"D4:22:CD:00:0C:D2","-1.0927307605743408","2.1828739643096924","-0.7330026626586914","72.57270915585919","33.92055377542379","-56.55903326225073","541013977"
"D4:22:CD:00:0C:D2","-2.02591609954834","2.235704183578491","-3.6103720664978027","71.7143314327811","32.318418333947925","-55.09506311825024","541047311"
"D4:22:CD:00:0C:D2","-3.8385703563690186","1.4739481210708618","-6.895270824432373","71.18727353302847","30.6739219717779","-53.64049783083539","541080645"
"D4:22:CD:00:0C:D2","-4.601541042327881","1.0007038116455078","-9.123703002929688","70.85505753440268","29.619593596051413","-53.09059955548374","541113979"
"D4:22:CD:00:0C:D2","-6.14790153503418","-0.24949303269386292","-9.980046272277832","71.01182156777206","28.90687386528801","-53.79204890486948","541147313"
"D4:22:CD:00:0C:D2","-4.511542797088623","1.0532994270324707","-8.489422798156738","71.58550508649002","28.843951733359447","-55.57675130539255","541180647"
"D4:22:CD:00:0C:D2","-3.6378862857818604","1.465607762336731","-5.467081069946289","71.70679809672039","29.191020282876515","-58.26797707659313","541213981"
"D4:22:CD:00:0C:D2","-1.756921410560608","1.7043752670288086","-3.04121732711792","71.36757330340957","30.41043864811194","-60.6735184331209","541247315"
"D4:22:CD:00:0C:D2","-0.5150328278541565","1.2305479049682617","-3.0413923263549805","70.88990158215064","32.44315210375349","-61.94978195989639","541280649"
"D4:22:CD:00:0C:D2","-0.2935415804386139","1.5523669719696045","-2.215139865875244","70.54812604029789","34.65409760140686","-62.34519768463842","541313983"
"D4:22:CD:00:0C:D2","0.3855024576187134","0.53891521692276","-2.4689865112304688","70.12538881024511","36.52449847915623","-62.857266925399365","541347317"
"D4:22:CD:00:0C:D2","0.1026778295636177","0.7859073281288147","-0.1569375991821289","69.42755934762134","37.736393618699616","-64.60132049983902","541380651"
"D4:22:CD:00:0C:D2","0.9081172347068787","0.04462995007634163","0.26767539978027344","68.47299081217189","38.228103712258175","-67.2877122106834","541413985"
"D4:22:CD:00:0C:D2","-0.06190096214413643","0.06258966028690338","1.1162919998168945","67.31835269940728","38.555477802866044","-70.52598404599293","541447319"
"D4:22:CD:00:0C:D2","0.1276971399784088","0.6327160000801086","2.303546905517578","67.08442609108987","38.13637540894829","-72.9924940365198","541480653"
"D4:22:CD:00:0C:D2","1.8163148164749146","-1.0530672073364258","1.2281427383422852","67.84594558293537","37.0774994721281","-74.30281295428583","541513987"
"D4:22:CD:00:0C:D2","1.5483871698379517","-0.09323172271251678","3.961698532104492","69.17652350751011","35.52852200924948","-74.38196871937475","541547321"
"D4:22:CD:00:0C:D2","1.287256121635437","-0.9163544178009033","4.017834663391113","71.21929124030576","33.302744162791804","-73.12130332063627","541580655"
"D4:22:CD:00:0C:D2","1.518874168395996","-1.2920827865600586","3.4614830017089844","73.3259867178317","31.360837416566174","-71.48995499434297","541613989"
"D4:22:CD:00:0C:D2","0.9800149202346802","-1.4894963502883911","2.2300195693969727","75.17676340413539","29.853641573799955","-70.08082547165188","541647323"
"D4:22:CD:00:0C:D2","1.2979004383087158","-1.188012719154358","2.153672218322754","76.69710431645352","28.53679690592723","-69.19890613494763","541680657"
"D4:22:CD:00:0C:D2","1.3778592348098755","-1.596596121788025","1.1278657913208008","77.41360123169065","27.028095712089613","-69.09534907638177","541713991"
"D4:22:CD:00:0C:D2","1.3325285911560059","-1.5223125219345093","0.7284841537475586","78.08033107350721","26.026120048388332","-68.99586399972436","541747325"
"D4:22:CD:00:0C:D2","1.8034332990646362","-1.08420991897583","1.4360122680664062","78.41592794248561","25.610834871420938","-68.81111747515101","541780659"
"D4:22:CD:00:0C:D2","1.3696327209472656","-1.2419859170913696","1.3323287963867188","78.36960494412598","25.40062234229147","-68.62104412475004","541813993"
"D4:22:CD:00:0C:D2","1.684180736541748","-1.3392807245254517","1.7765893936157227","78.25263535481456","25.725054127928345","-68.18074221083862","541847327"
"D4:22:CD:00:0C:D2","1.6363205909729004","-1.1751059293746948","2.285045623779297","77.7335483477457","26.692676344328873","-68.03402797575067","541880661"
"D4:22:CD:00:0C:D2","2.5187876224517822","-1.2591463327407837","2.08103084564209","76.84384741701535","27.92433954993987","-68.21594319591097","541913995"
"D4:22:CD:00:0C:D2","2.4994215965270996","-1.916090726852417","1.3462562561035156","75.96284234668121","29.141978565208145","-68.33371139663262","541947329"
"D4:22:CD:00:0C:D2","2.4066457748413086","-1.3185646533966064","2.2956037521362305","75.48082605214692","30.25603376628711","-68.04857643542209","541980663"
"D4:22:CD:00:0C:D2","1.8876829147338867","-0.8045617341995239","2.733078956604004","75.1242920466804","30.62960379918385","-67.8641956980148","542013997"
"D4:22:CD:00:0C:D2","1.245943546295166","-0.36509454250335693","3.402468681335449","74.86087485585003","30.377505831996476","-67.71148644034277","542047331"
"D4:22:CD:00:0C:D2","0.6364324688911438","-0.728253960609436","3.4097490310668945","74.45908001924889","30.260671508735452","-67.4190478084882","542080665"
"D4:22:CD:00:0C:D2","0.14186064898967743","0.9850752353668213","4.851236343383789","74.01563913422278","30.34446143407428","-66.6608324802243","542113999"
"D4:22:CD:00:0C:D2","-0.35284268856048584","0.560518205165863","3.0933914184570312","73.56167562729127","30.089591410301384","-65.3361139520966","542147333"
"D4:22:CD:00:0C:D2","-0.4265919029712677","1.571485161781311","1.4753990173339844","72.87270401872732","29.861068196097996","-63.81341278395994","542180667"
"D4:22:CD:00:0C:D2","-0.2624722123146057","2.2245683670043945","-0.47225284576416016","71.80065844662978","29.134792153718546","-62.414705177333595","542214001"
"D4:22:CD:00:0C:D2","-1.7240638732910156","1.6978665590286255","-3.6071109771728516","71.07397909620074","27.459945973567244","-60.85979999866388","542247335"
"D4:22:CD:00:0C:D2","-2.91920804977417","0.5153036117553711","-7.772585391998291","70.97527746299689","25.598292381931834","-59.77702405991348","542280669"
"D4:22:CD:00:0C:D2","-3.577270984649658","0.693325936794281","-9.56186294555664","71.31470783534387","23.959167504685922","-59.72177202413897","542314003"
"D4:22:CD:00:0C:D2","-3.8313686847686768","-0.591533899307251","-10.517529487609863","72.0933566248023","22.510514627610156","-60.631720390869575","542347337"
"D4:22:CD:00:0C:D2","-4.47240686416626","1.2374022006988525","-8.166498184204102","73.18289801547611","21.671031267217362","-61.845207579912966","542380671"
"D4:22:CD:00:0C:D2","-4.240669250488281","1.6793465614318848","-5.451211452484131","73.91173535888205","21.23589610562251","-63.08178440975772","542414005"
"D4:22:CD:00:0C:D2","-3.1603596210479736","1.5921013355255127","-3.2922463417053223","74.02005785844727","22.07947570467553","-64.1091745853184","542447339"
"D4:22:CD:00:0C:D2","-1.6269057989120483","2.095499277114868","-2.8299508094787598","73.72349662749662","23.818971475954907","-65.01545044809559","542480673"
"D4:22:CD:00:0C:D2","-1.1440494060516357","1.6247739791870117","-2.466360092163086","73.29433555766133","25.78522196806695","-65.81554102039958","542514007"
"D4:22:CD:00:0C:D2","0.14974775910377502","1.8649775981903076","-1.3166303634643555","72.74199177829823","27.978126467908314","-67.15061972524953","542547341"
"D4:22:CD:00:0C:D2","0.6960942149162292","1.5220110416412354","-0.9976711273193359","71.87299863021637","29.983253743818633","-69.19318694732331","542580675"
"D4:22:CD:00:0C:D2","0.605538010597229","1.781090259552002","1.1302719116210938","71.39589795716755","31.366472707178982","-70.92199076513194","542614009"
"D4:22:CD:00:0C:D2","1.3695539236068726","0.6301670670509338","0.8384056091308594","71.14921147956001","32.10114996384448","-72.24137321419303","542647343"
"D4:22:CD:00:0C:D2","1.1299974918365479","0.15733948349952698","1.5563316345214844","70.73518068991848","32.99812390189357","-73.44346714765528","542680677"
"D4:22:CD:00:0C:D2","1.187914252281189","0.06921570748090744","1.0394859313964844","70.79744720045909","33.37446449611266","-73.773518094047","542714011"
"D4:22:CD:00:0C:D2","0.8938530683517456","-1.4009747505187988","0.7650585174560547","71.59030125152032","32.963197580356315","-73.43028460700462","542747345"
"D4:22:CD:00:0C:D2","2.013622522354126","-0.619574785232544","3.8459482192993164","72.45236771631804","32.14256244354782","-73.12446350139045","542780679"
"D4:22:CD:00:0C:D2","2.2687160968780518","-1.8857228755950928","2.447075843811035","73.53559483864383","30.639343798567914","-72.59930207919975","542814013"
"D4:22:CD:00:0C:D2","1.3092899322509766","-2.584660530090332","2.2257766723632812","75.60020656777213","29.61284279860474","-71.41325933810667","542847347"
"D4:22:CD:00:0C:D2","2.1855006217956543","-1.5322527885437012","3.066094398498535","77.84809380422386","28.025384433082085","-70.56916375334329","542880681"
"D4:22:CD:00:0C:D2","1.7213999032974243","-1.6103583574295044","2.771759033203125","79.2990885132628","25.556236165805544","-70.70218086684673","542914015"
"D4:22:CD:00:0C:D2","1.687686800956726","-2.205819606781006","1.566737174987793","80.27964140943658","23.50269520915659","-70.6899318615462","542947349"
"D4:22:CD:00:0C:D2","1.3656116724014282","-1.867476463317871","1.4457435607910156","80.99523449988028","22.49056099546403","-70.22387298265309","542980683"
"D4:22:CD:00:0C:D2","0.8361310958862305","-1.2542545795440674","1.5567121505737305","81.18996468548573","22.10099436011279","-69.97264106181379","543014017"
"D4:22:CD:00:0C:D2","1.09298837184906","-1.2618218660354614","1.5298147201538086","80.91379224754834","22.052411117980505","-69.92158120902465","543047351"
"D4:22:CD:00:0C:D2","1.1709221601486206","-1.20247220993042","1.5917434692382812","80.40254215270613","22.416168677389727","-69.55876626645701","543080685"
"D4:22:CD:00:0C:D2","1.7165889739990234","-0.7562507390975952","2.6027774810791016","79.67749252948673","23.31079353157101","-68.64814438879189","543114019"
"D4:22:CD:00:0C:D2","1.8422050476074219","-0.7427787184715271","3.026134490966797","78.64835607461079","24.487086155538602","-67.55908066733156","543147353"
"D4:22:CD:00:0C:D2","1.807675838470459","-0.8883482217788696","2.975094795227051","77.49917881209898","25.788538759672402","-66.51643849122242","543180687"
"D4:22:CD:00:0C:D2","1.471197485923767","-0.7039285898208618","3.5645008087158203","76.60105248106969","27.282796892242843","-65.29177657694164","543214021"
"D4:22:CD:00:0C:D2","0.5674358010292053","-0.2576684057712555","3.231006622314453","75.7227751485573","28.602362251618047","-64.85894172050024","543247355"
"D4:22:CD:00:0C:D2","1.0520325899124146","0.4994557797908783","3.1503496170043945","74.78466888637196","29.604739296079924","-64.79024431131353","543280689"
"D4:22:CD:00:0C:D2","0.23193705081939697","0.09738682955503464","1.6724491119384766","73.4695055851932","30.067703883071314","-65.09724050184558","543314023"
"D4:22:CD:00:0C:D2","-0.3425474762916565","1.24783194065094","0.5793638229370117","72.46762912511043","30.189946980939737","-64.74979356352205","543347357"
"D4:22:CD:00:0C:D2","-0.18359415233135223","1.552425742149353","0.10460948944091797","71.88098200995051","29.614370870861332","-63.56508266587006","543380691"
"D4:22:CD:00:0C:D2","0.3169111907482147","0.6645478010177612","-2.454286575317383","71.31859924876974","29.03054202721126","-61.957703185655404","543414025"
"D4:22:CD:00:0C:D2","-0.9508994221687317","1.7336561679840088","-4.4367289543151855","70.51736670585728","28.440871101082447","-60.2974305389696","543447359"
"D4:22:CD:00:0C:D2","-2.3433163166046143","1.2018589973449707","-6.192887306213379","70.27985775169857","27.489588924211752","-58.34261979855192","543480693"
"D4:22:CD:00:0C:D2","-2.7921524047851562","-0.4249597489833832","-8.032570838928223","70.42571131925045","26.702599878787073","-57.22164955820839","543514027"
"D4:22:CD:00:0C:D2","-3.1816158294677734","-0.23067961633205414","-7.708256721496582","70.7712098116445","26.4994119925316","-57.55229131266431","543547361"
"D4:22:CD:00:0C:D2","-3.531088352203369","0.8062793016433716","-5.693929672241211","71.21356230000146","26.094784538881953","-59.02141400913476","543580695"
"D4:22:CD:00:0C:D2","-1.8361958265304565","0.7432315349578857","-4.288974761962891","71.7504450634444","25.63145407024389","-60.55841438646972","543614029"
"D4:22:CD:00:0C:D2","-1.0928027629852295","0.5738947987556458","-2.895167350769043","71.76564378110955","26.363070438465105","-61.90794910513299","543647363"
"D4:22:CD:00:0C:D2","-1.5526137351989746","0.767150342464447","-2.733562469482422","71.65326735129482","27.907355599180274","-62.49268968597758","543680697"
"D4:22:CD:00:0C:D2","-0.7623715996742249","0.9174180626869202","-2.883021831512451","71.70430707923917","29.28054245328828","-62.42966768906748","543714031"
"D4:22:CD:00:0C:D2","-0.11840375512838364","0.854793131351471","-2.2086849212646484","71.44855496018748","30.239149172652514","-62.82775070310108","543747365"
"D4:22:CD:00:0C:D2","-0.5400259494781494","0.7556523680686951","-0.20662593841552734","71.13773563951143","30.7104628346234","-63.904753112582355","543780699"
"D4:22:CD:00:0C:D2","0.9875338673591614","0.5144854784011841","-0.02669239044189453","71.3978268676447","31.094563116048487","-64.97746559940167","543814033"
"D4:22:CD:00:0C:D2","0.1512368619441986","0.5603905916213989","0.6697502136230469","71.74168868073382","31.60484483836382","-66.18808498887506","543847367"
"D4:22:CD:00:0C:D2","0.8436290621757507","0.5810979008674622","2.462118148803711","72.56455978941054","31.66054588674287","-66.89527017927281","543880701"
"D4:22:CD:00:0C:D2","0.4021774232387543","-0.2786822021007538","0.7751646041870117","73.24966689314577","31.261777006062264","-67.87686159111892","543914035"
"D4:22:CD:00:0C:D2","-0.12199381738901138","-0.29995617270469666","2.3699417114257812","74.17526818961178","30.979168960988158","-68.74688196205747","543947369"
"D4:22:CD:00:0C:D2","1.4458087682724","-0.6266000270843506","1.8788042068481445","75.40767277070223","30.324008707769703","-68.91257416676366","543980703"
"D4:22:CD:00:0C:D2","0.03216776251792908","-1.6145185232162476","0.5667057037353516","76.74557222198422","29.58488591355433","-68.43815591678212","544014037"
"D4:22:CD:00:0C:D2","0.9443382024765015","-0.6063258051872253","2.007266044616699","78.36626526943785","28.712649129163566","-67.38579615957443","544047371"
"D4:22:CD:00:0C:D2","0.5044360160827637","-0.574899435043335","2.288283348083496","79.53129053577139","26.983331494513504","-66.75309995878489","544080705"
"D4:22:CD:00:0C:D2","0.3899296522140503","-1.052616834640503","2.0524215698242188","80.45106127134686","25.147830842839927","-66.24458837997413","544114039"
"D4:22:CD:00:0C:D2","0.5894289016723633","-1.114034652709961","1.739121437072754","81.08144989009271","23.712154839758888","-66.11330943066942","544147373"
"D4:22:CD:00:0C:D2","0.5189815759658813","-0.9976509809494019","1.3497247695922852","81.28756866124334","22.866949662638625","-66.53810667961464","544180707"
"D4:22:CD:00:0C:D2","0.7191252112388611","-0.6184303760528564","1.0261907577514648","81.12025478912945","22.49811257810171","-67.38741756549838","544214041"
"D4:22:CD:00:0C:D2","1.02748441696167","-0.4051869809627533","0.6291236877441406","80.8167556110951","22.37414385180684","-68.10369219009324","544247375"
"D4:22:CD:00:0C:D2","0.9188315868377686","-0.19253093004226685","0.05608367919921875","80.55426600840997","22.413172683648934","-68.35962974147147","544280709"
"D4:22:CD:00:0C:D2","0.8671945929527283","-0.2523246705532074","-0.19147109985351562","80.37877605157773","22.516348226630427","-68.20579806217499","544314043"
"D4:22:CD:00:0C:D2","0.619599461555481","0.11911676079034805","-0.05432415008544922","80.24099821587953","22.601431075841173","-67.98280030913288","544347377"
"D4:22:CD:00:0C:D2","0.5476093292236328","-0.047576744109392166","-0.16272258758544922","80.17035510488441","22.5224685947083","-67.84858904855604","544380711"
"D4:22:CD:00:0C:D2","0.39271584153175354","-0.14256080985069275","-0.12080192565917969","80.16231980016552","22.403797229177034","-67.79260780562628","544414045"
"D4:22:CD:00:0C:D2","0.40247663855552673","-0.06615514308214188","-0.11450958251953125","80.18549904586622","22.395351365391917","-67.7706414994305","544447379"
"D4:22:CD:00:0C:D2","0.2779475152492523","-0.23554353415966034","0.018537521362304688","80.21435453958931","22.46975469102566","-67.73439339770037","544480713"
